,year,State,Median income,Smoke everyday,Smoke some days,Former smoker,Never smoked
0,1995,Alabama,43434.0,21.9,2.1,21.1,54.8
1,1995,Alaska,80136.0,22.3,2.6,27.2,47.9
2,1995,Arizona,51575.0,20.3,2.4,25.6,51.7
3,1995,Arkansas,43138.0,22.7,2.3,23.5,51.5
4,1995,California,61846.0,12.7,2.5,28.2,56.7
5,1995,Colorado,68024.0,17.9,3.6,27.4,51.1
6,1995,Connecticut,67250.0,18.6,2.0,28.8,50.7
7,1995,Delaware,58368.0,23.0,2.3,25.8,48.9
8,1995,District of Columbia,51383.0,,,,
9,1995,Florida,49707.0,20.3,2.7,28.5,48.5
10,1995,Georgia,56983.0,18.4,1.9,18.1,61.6
11,1995,Hawaii,71609.0,15.1,2.5,21.6,60.9
12,1995,Idaho,54605.0,18.0,1.6,24.1,56.2
13,1995,Illinois,63621.0,19.9,2.9,23.7,53.4
14,1995,Indiana,55790.0,24.3,2.7,23.0,50.0
15,1995,Iowa,59356.0,20.2,2.9,23.9,53.0
16,1995,Kansas,50703.0,18.6,3.0,24.3,54.1
17,1995,Kentucky,49816.0,24.9,2.7,22.3,50.1
18,1995,Louisiana,46706.0,21.1,4.0,22.3,52.7
19,1995,Maine,56580.0,22.2,2.5,27.2,48.1
20,1995,Maryland,68584.0,18.0,3.1,20.6,58.3
21,1995,Massachusetts,64461.0,18.8,2.8,30.0,48.4
22,1995,Michigan,60872.0,21.5,4.1,28.3,46.2
23,1995,Minnesota,63390.0,17.4,2.9,23.6,56.1
24,1995,Mississippi,44348.0,20.5,2.8,20.8,55.8
25,1995,Missouri,58196.0,21.9,2.2,27.1,48.8
26,1995,Montana,46385.0,18.9,2.2,29.2,49.8
27,1995,Nebraska,55028.0,19.4,2.4,25.7,52.5
28,1995,Nevada,60300.0,23.3,2.5,26.8,47.4
29,1995,New Hampshire,65459.0,18.8,2.3,32.7,46.2
30,1995,New Jersey,73402.0,15.3,3.7,25.3,55.7
31,1995,New Mexico,43434.0,17.6,3.1,27.7,51.7
32,1995,New York,55193.0,19.1,2.2,25.3,53.4
33,1995,North Carolina,53440.0,23.0,2.7,22.6,51.6
34,1995,North Dakota,48611.0,20.1,2.5,24.2,53.2
35,1995,Ohio,58390.0,23.6,2.2,24.0,50.2
36,1995,Oklahoma,43968.0,20.2,1.3,17.4,61.2
37,1995,Oregon,60785.0,18.5,3.2,28.4,49.9
38,1995,Pennsylvania,57693.0,20.4,3.3,28.3,48.0
39,1995,Rhode Island,59089.0,21.3,3.5,29.2,46.0
40,1995,South Carolina,48581.0,20.9,2.5,20.4,56.1
41,1995,South Dakota,49428.0,19.8,1.9,24.0,54.2
42,1995,Tennessee,48487.0,24.2,1.9,19.8,54.1
43,1995,Texas,53541.0,19.9,3.6,23.7,52.8
44,1995,United States,56945.0,19.9,2.6,25.3,51.7
45,1995,Utah,60962.0,11.2,1.9,18.1,68.9
46,1995,Vermont,56523.0,18.9,3.2,31.5,46.5
47,1995,Virginia,60531.0,18.7,2.7,25.2,53.5
48,1995,Washington,59438.0,17.5,2.4,29.9,50.2
49,1995,West Virginia,41577.0,23.7,1.9,23.3,51.1
50,1995,Wisconsin,68440.0,18.2,3.5,27.6,50.7
51,1995,Wyoming,52688.0,19.1,2.9,26.8,51.2
52,1996,Alabama,49324.0,17.6,4.8,21.5,56.1
53,1996,Alaska,85911.0,21.7,6.0,26.0,46.3
54,1996,All States and DC,,19.5,4.0,23.8,52.2
55,1996,Arizona,51497.0,19.9,3.9,25.1,51.2
56,1996,Arkansas,44150.0,21.9,3.4,18.0,56.7
57,1996,California,63176.0,13.0,5.6,25.0,56.4
58,1996,Colorado,66657.0,16.7,6.1,24.2,53.1
59,1996,Connecticut,68559.0,17.4,4.4,28.2,50.0
60,1996,Delaware,63985.0,21.0,3.3,26.8,49.0
61,1996,District of Columbia,52033.0,14.9,5.6,17.8,61.7
62,1996,Florida,49876.0,18.1,3.7,30.7,47.5
63,1996,Georgia,52896.0,17.3,3.0,14.2,65.6
64,1996,Hawaii,67995.0,18.3,4.0,24.1,53.7
65,1996,Idaho,56498.0,16.8,4.4,22.8,56.0
66,1996,Illinois,64384.0,20.4,4.4,23.4,51.8
67,1996,Indiana,57211.0,24.9,3.7,23.7,47.6
68,1996,Iowa,54056.0,19.6,4.0,23.8,52.6
69,1996,Kansas,53040.0,18.6,3.5,19.5,58.4
70,1996,Kentucky,52760.0,27.9,3.8,23.2,45.2
71,1996,Louisiana,49259.0,21.9,4.0,21.5,52.7
72,1996,Maine,56477.0,22.6,2.8,27.8,46.9
73,1996,Maryland,71610.0,17.9,3.0,23.4,55.7
74,1996,Massachusetts,64287.0,18.4,4.9,30.4,46.2
75,1996,Michigan,63849.0,21.0,4.7,25.9,48.5
76,1996,Minnesota,66723.0,15.6,5.0,23.1,56.3
77,1996,Mississippi,43424.0,19.7,3.5,21.1,55.7
78,1996,Missouri,55775.0,22.6,5.2,24.7,47.5
79,1996,Montana,46691.0,19.1,2.6,27.0,51.3
80,1996,Nebraska,55366.0,19.5,2.6,23.6,54.3
81,1996,Nevada,62734.0,25.1,3.0,26.8,45.0
82,1996,New Hampshire,64145.0,20.6,4.2,29.1,46.1
83,1996,New Jersey,77266.0,17.8,4.9,24.7,52.6
84,1996,New Mexico,40834.0,16.7,6.2,24.2,53.0
85,1996,New York,57639.0,19.2,4.0,23.7,53.1
86,1996,North Carolina,57950.0,21.9,3.8,23.1,51.2
87,1996,North Dakota,51225.0,19.5,3.9,25.5,51.2
88,1996,Ohio,55458.0,25.7,2.7,21.4,50.2
89,1996,Oklahoma,44661.0,21.5,2.5,18.4,57.5
90,1996,Oregon,57772.0,19.1,4.3,27.7,48.9
91,1996,Pennsylvania,56807.0,20.3,4.2,23.2,52.3
92,1996,Puerto Rico,,9.4,5.1,16.0,69.5
93,1996,Rhode Island,60204.0,17.8,4.7,27.1,50.4
94,1996,South Carolina,56426.0,21.4,3.0,20.2,55.3
95,1996,South Dakota,48061.0,17.9,2.8,25.2,54.1
96,1996,Tennessee,50119.0,25.0,2.9,19.9,52.2
97,1996,Texas,53833.0,17.0,5.9,21.2,55.9
98,1996,United States,57772.0,19.5,4.0,23.8,52.3
99,1996,Utah,60289.0,13.3,2.6,16.4,67.7
100,1996,Vermont,52671.0,18.9,5.2,29.2,46.7
101,1996,Virginia,63826.0,19.6,5.2,22.9,52.3
102,1996,Washington,59700.0,19.1,4.4,26.8,49.7
103,1996,West Virginia,41096.0,23.9,2.8,22.9,50.5
104,1996,Wisconsin,65112.0,19.7,5.2,25.9,49.2
105,1996,Wyoming,50384.0,20.1,4.5,25.1,50.3
106,1997,Alabama,50889.0,20.8,3.9,22.0,53.3
107,1997,Alaska,76469.0,22.3,4.2,24.7,48.8
108,1997,All States and DC,,19.1,4.3,24.3,51.9
109,1997,Arizona,52165.0,18.4,2.7,13.6,65.3
110,1997,Arkansas,41684.0,24.8,3.7,20.2,51.4
111,1997,California,63245.0,12.6,5.9,26.9,54.6
112,1997,Colorado,68884.0,17.0,5.5,25.5,51.9
113,1997,Connecticut,70082.0,17.2,4.4,29.1,49.3
114,1997,Delaware,68565.0,22.3,4.3,26.5,46.9
115,1997,District of Columbia,50763.0,11.8,7.0,15.8,65.4
116,1997,Florida,51711.0,19.8,3.8,26.4,50.0
117,1997,Georgia,58416.0,17.6,4.8,15.3,62.3
118,1997,Hawaii,65221.0,14.3,4.4,26.4,54.9
119,1997,Idaho,53223.0,15.6,4.3,24.3,55.8
120,1997,Illinois,65777.0,17.8,5.4,25.8,51.0
121,1997,Indiana,61962.0,21.7,4.7,23.5,50.2
122,1997,Iowa,53827.0,18.7,4.4,24.0,52.9
123,1997,Kansas,58110.0,18.3,4.3,19.4,58.0
124,1997,Kentucky,53300.0,27.6,3.1,23.5,45.8
125,1997,Louisiana,52994.0,19.2,5.3,21.9,53.6
126,1997,Maine,52216.0,19.8,2.9,31.0,46.3
127,1997,Maryland,74384.0,17.6,2.9,22.8,56.8
128,1997,Massachusetts,66956.0,16.4,4.1,29.7,49.8
129,1997,Michigan,61728.0,21.2,4.8,25.0,48.9
130,1997,Minnesota,67818.0,16.7,5.2,22.4,55.7
131,1997,Mississippi,45408.0,19.0,4.1,21.3,55.6
132,1997,Missouri,58240.0,24.6,4.0,21.6,49.7
133,1997,Montana,46544.0,18.0,2.5,26.6,52.9
134,1997,Nebraska,55275.0,18.5,3.6,22.7,55.2
135,1997,Nevada,61907.0,23.4,4.6,25.4,46.6
136,1997,New Hampshire,65323.0,20.0,4.7,31.3,44.0
137,1997,New Jersey,76513.0,16.6,4.7,26.2,52.4
138,1997,New Mexico,47936.0,15.5,6.5,25.3,52.6
139,1997,New York,57037.0,19.1,4.0,23.7,53.2
140,1997,North Carolina,57104.0,21.0,4.9,22.4,51.8
141,1997,North Dakota,50446.0,19.7,2.6,24.4,53.3
142,1997,Ohio,57573.0,23.2,1.9,22.7,52.2
143,1997,Oklahoma,49952.0,21.4,3.2,19.1,56.3
144,1997,Oregon,59346.0,16.2,4.5,30.4,48.9
145,1997,Pennsylvania,59776.0,20.0,4.2,22.7,53.1
146,1997,Puerto Rico,,9.4,5.0,15.7,69.9
147,1997,Rhode Island,55443.0,19.7,4.6,26.7,49.0
148,1997,South Carolina,54590.0,20.2,3.2,20.0,56.6
149,1997,South Dakota,47312.0,18.8,5.6,25.8,49.9
150,1997,Tennessee,48813.0,23.7,3.3,21.3,51.7
151,1997,Texas,55885.0,16.2,6.3,20.3,57.1
152,1997,United States,58961.0,19.1,4.3,24.3,52.1
153,1997,Utah,68154.0,11.1,2.6,17.2,69.0
154,1997,Vermont,55850.0,19.5,3.8,29.1,47.7
155,1997,Virginia,68444.0,18.8,5.6,25.8,49.8
156,1997,Washington,71001.0,18.6,5.2,26.9,49.3
157,1997,West Virginia,43797.0,24.5,2.9,24.3,48.2
158,1997,Wisconsin,63087.0,19.7,3.5,25.3,51.5
159,1997,Wyoming,53253.0,19.5,4.5,25.4,50.6
160,1998,Alabama,57011.0,19.4,5.2,21.5,53.9
161,1998,Alaska,79689.0,19.8,6.3,25.4,48.4
162,1998,All States and DC,,18.5,4.5,24.3,52.0
163,1998,Arizona,58306.0,19.8,2.1,17.3,60.9
164,1998,Arkansas,43490.0,22.2,3.7,24.2,49.9
165,1998,California,64349.0,13.6,5.6,26.2,54.6
166,1998,Colorado,73255.0,17.1,5.7,24.3,52.9
167,1998,Connecticut,73112.0,15.3,5.6,28.2,50.9
168,1998,Delaware,65173.0,20.7,3.7,24.5,51.0
169,1998,District of Columbia,52558.0,15.1,6.6,17.0,61.3
170,1998,Florida,54878.0,18.0,4.0,26.1,51.9
171,1998,Georgia,60782.0,19.7,3.9,21.9,54.5
172,1998,Hawaii,64181.0,15.8,3.7,26.1,54.4
173,1998,Idaho,57662.0,15.8,4.5,25.2,54.6
174,1998,Illinois,67877.0,17.0,6.1,25.0,51.9
175,1998,Indiana,62458.0,20.7,5.3,26.0,48.0
176,1998,Iowa,58195.0,18.3,5.1,23.7,53.0
177,1998,Kansas,57711.0,17.4,3.7,21.8,57.1
178,1998,Kentucky,56989.0,28.0,2.8,22.9,46.3
179,1998,Louisiana,49888.0,20.5,5.0,19.8,54.7
180,1998,Maine,56027.0,19.4,2.9,31.3,46.4
181,1998,Maryland,78626.0,16.7,5.7,24.2,53.4
182,1998,Massachusetts,66567.0,16.6,4.3,28.0,51.1
183,1998,Michigan,65744.0,22.6,4.8,25.4,47.2
184,1998,Minnesota,75341.0,13.3,4.7,18.6,63.4
185,1998,Mississippi,45777.0,19.1,5.0,21.9,54.0
186,1998,Missouri,63197.0,22.3,4.0,23.7,50.0
187,1998,Montana,49640.0,18.5,2.9,26.7,51.8
188,1998,Nebraska,57242.0,17.4,4.6,24.4,53.5
189,1998,Nevada,62497.0,23.6,6.7,24.0,45.6
190,1998,New Hampshire,70675.0,18.2,5.0,28.5,48.2
191,1998,New Jersey,78328.0,15.2,3.9,26.4,54.5
192,1998,New Mexico,49586.0,16.2,6.4,24.3,53.2
193,1998,New York,58784.0,18.4,5.7,24.3,51.6
194,1998,North Carolina,56338.0,20.5,4.2,23.4,51.9
195,1998,North Dakota,47639.0,17.0,3.0,28.2,51.8
196,1998,Ohio,61191.0,21.6,4.5,23.6,50.3
197,1998,Oklahoma,53020.0,20.2,3.6,19.6,56.5
198,1998,Oregon,61414.0,16.3,4.8,27.4,51.6
199,1998,Pennsylvania,61333.0,19.4,4.4,22.9,53.3
200,1998,Puerto Rico,,10.1,5.2,16.8,67.9
201,1998,Rhode Island,63959.0,18.2,4.4,29.0,48.4
202,1998,South Carolina,52297.0,19.6,5.1,20.7,54.6
203,1998,South Dakota,51540.0,22.0,5.2,20.4,52.4
204,1998,Tennessee,53592.0,22.7,3.3,21.5,52.4
205,1998,Texas,56252.0,15.6,6.3,22.6,55.5
206,1998,United States,61128.0,18.5,4.6,24.3,52.2
207,1998,Utah,69639.0,10.5,3.7,18.7,67.1
208,1998,Vermont,61894.0,18.6,3.7,28.6,49.1
209,1998,Virginia,68154.0,18.1,4.8,23.2,53.9
210,1998,Washington,74547.0,16.9,4.5,27.6,51.1
211,1998,West Virginia,41979.0,24.9,3.1,23.8,48.3
212,1998,Wisconsin,64967.0,18.7,4.7,29.4,47.2
213,1998,Wyoming,55414.0,19.0,3.9,25.2,52.0
214,1999,Alabama,55799.0,18.1,5.3,24.2,52.3
215,1999,Alaska,79111.0,19.2,8.1,25.7,47.0
216,1999,All States and DC,,18.0,4.8,24.0,52.4
217,1999,Arizona,56944.0,17.9,2.2,17.8,62.1
218,1999,Arkansas,45688.0,22.6,4.6,23.1,49.7
219,1999,California,67156.0,12.5,6.2,26.4,54.9
220,1999,Colorado,74156.0,17.5,4.9,25.8,51.7
221,1999,Connecticut,77875.0,17.5,5.3,25.3,51.9
222,1999,Delaware,71772.0,20.7,4.8,23.9,50.6
223,1999,District of Columbia,59523.0,13.4,7.1,16.1,63.3
224,1999,Florida,55153.0,16.3,4.3,26.8,52.6
225,1999,Georgia,60685.0,18.3,5.4,22.5,53.7
226,1999,Hawaii,68503.0,14.4,4.1,22.9,58.6
227,1999,Idaho,55105.0,16.0,5.5,24.3,54.2
228,1999,Illinois,71313.0,19.8,4.5,23.8,51.9
229,1999,Indiana,62860.0,22.5,4.5,22.0,51.0
230,1999,Iowa,63260.0,18.9,4.6,24.6,51.9
231,1999,Kansas,57488.0,18.1,3.0,22.5,56.4
232,1999,Kentucky,51931.0,25.6,4.2,23.2,47.1
233,1999,Louisiana,50263.0,18.7,4.8,20.7,55.8
234,1999,Maine,59818.0,19.8,3.5,29.5,47.2
235,1999,Maryland,80356.0,15.5,4.8,24.2,55.5
236,1999,Massachusetts,67735.0,15.2,4.1,25.8,55.0
237,1999,Michigan,70942.0,19.5,5.6,23.6,51.3
238,1999,Minnesota,72403.0,15.1,4.4,20.0,60.5
239,1999,Mississippi,49992.0,18.5,4.4,20.3,56.8
240,1999,Missouri,63699.0,22.7,4.3,24.7,48.2
241,1999,Montana,47775.0,16.0,4.2,27.7,52.1
242,1999,Nebraska,59455.0,18.2,5.0,22.1,54.7
243,1999,Nevada,63819.0,24.3,7.2,29.0,39.5
244,1999,New Hampshire,70890.0,18.0,4.3,29.0,48.7
245,1999,New Jersey,76553.0,14.6,6.0,21.3,58.1
246,1999,New Mexico,50139.0,16.4,6.0,24.6,52.9
247,1999,New York,61553.0,17.0,4.8,23.1,55.1
248,1999,North Carolina,57343.0,21.0,4.2,23.2,51.6
249,1999,North Dakota,50276.0,17.0,5.1,24.7,53.1
250,1999,Ohio,60783.0,23.6,4.0,24.0,48.4
251,1999,Oklahoma,50307.0,22.4,2.8,18.7,56.1
252,1999,Oregon,62523.0,16.1,5.4,28.1,50.5
253,1999,Pennsylvania,58119.0,18.4,4.7,23.3,53.6
254,1999,Puerto Rico,,9.7,4.0,15.3,71.0
255,1999,Rhode Island,65755.0,17.8,4.4,25.6,52.2
256,1999,South Carolina,56124.0,18.0,5.6,20.4,56.0
257,1999,South Dakota,55148.0,17.6,4.8,25.1,52.4
258,1999,Tennessee,56216.0,21.9,2.9,20.7,54.4
259,1999,Texas,59550.0,15.0,7.5,23.3,54.3
260,1999,United States,62641.0,18.0,4.8,24.0,52.5
261,1999,Utah,70882.0,10.3,3.7,17.3,68.8
262,1999,Vermont,64008.0,16.9,4.8,26.7,51.6
263,1999,Virginia,70333.0,17.0,4.3,25.3,53.3
264,1999,Washington,69994.0,17.0,5.3,26.8,50.8
265,1999,West Virginia,45095.0,23.8,3.3,23.8,49.0
266,1999,Wisconsin,70293.0,17.9,5.8,28.6,47.7
267,1999,Wyoming,57334.0,19.1,4.8,24.9,51.2
268,2000,Alabama,52737.0,19.3,5.9,24.0,50.8
269,2000,Alaska,78675.0,18.6,6.4,28.1,46.8
270,2000,All States and DC,,17.7,5.1,24.3,52.3
271,2000,Arizona,59226.0,13.5,5.2,21.7,59.7
272,2000,Arkansas,44211.0,19.9,5.2,24.5,50.4
273,2000,California,69696.0,12.1,5.1,26.0,56.7
274,2000,Colorado,71816.0,15.0,5.0,26.2,53.8
275,2000,Connecticut,74693.0,15.3,4.6,27.8,52.3
276,2000,Delaware,74980.0,18.6,4.2,23.9,53.2
277,2000,District of Columbia,61368.0,13.9,7.0,22.0,57.1
278,2000,Florida,57846.0,17.7,5.5,27.4,49.4
279,2000,Georgia,62379.0,18.4,5.1,22.7,53.8
280,2000,Hawaii,76738.0,15.8,3.9,24.2,56.2
281,2000,Idaho,55993.0,16.9,5.4,24.6,53.1
282,2000,Illinois,68577.0,16.2,6.2,22.6,55.1
283,2000,Indiana,60837.0,22.4,4.6,22.6,50.5
284,2000,Iowa,61025.0,18.3,4.9,23.1,53.7
285,2000,Kansas,61126.0,16.9,4.2,23.6,55.4
286,2000,Kentucky,53989.0,26.8,3.7,23.0,46.5
287,2000,Louisiana,45731.0,18.6,5.5,19.5,56.5
288,2000,Maine,55479.0,20.7,3.1,29.9,46.3
289,2000,Maryland,81188.0,15.2,5.3,23.5,56.0
290,2000,Massachusetts,69603.0,15.3,4.7,28.2,51.9
291,2000,Michigan,67755.0,19.1,5.0,25.4,50.4
292,2000,Minnesota,80765.0,15.2,4.5,23.1,57.1
293,2000,Mississippi,51062.0,18.8,4.7,20.5,56.0
294,2000,Missouri,67137.0,22.6,4.6,24.7,48.1
295,2000,Montana,48796.0,15.9,2.9,29.8,51.4
296,2000,Nebraska,62155.0,16.5,4.8,24.3,54.5
297,2000,Nevada,68121.0,22.0,7.1,26.7,44.3
298,2000,New Hampshire,75815.0,19.7,5.6,29.7,45.0
299,2000,New Jersey,75039.0,14.8,6.2,22.4,56.6
300,2000,New Mexico,52244.0,16.9,6.6,25.8,50.6
301,2000,New York,60657.0,15.9,5.7,25.6,52.9
302,2000,North Carolina,57044.0,20.7,5.4,24.3,49.6
303,2000,North Dakota,53588.0,17.5,5.8,23.4,53.4
304,2000,Ohio,63959.0,21.1,5.1,23.2,50.6
305,2000,Oklahoma,48283.0,19.8,3.5,19.3,57.4
306,2000,Oregon,63270.0,15.3,5.4,28.3,50.9
307,2000,Pennsylvania,62789.0,19.3,5.1,24.5,51.1
308,2000,Puerto Rico,,9.2,3.9,15.2,71.6
309,2000,Rhode Island,62820.0,18.3,5.1,26.7,49.9
310,2000,South Carolina,55932.0,18.8,6.2,21.9,53.2
311,2000,South Dakota,54301.0,16.8,5.1,24.6,53.5
312,2000,Tennessee,50760.0,21.6,4.0,22.2,52.1
313,2000,Texas,57478.0,15.4,6.5,21.9,56.2
314,2000,United States,62512.0,17.6,5.1,24.3,52.6
315,2000,Utah,70789.0,9.6,3.3,18.4,68.8
316,2000,Vermont,58945.0,16.5,4.9,30.0,48.5
317,2000,Virginia,70213.0,16.1,5.3,23.3,55.3
318,2000,Washington,63308.0,14.8,5.9,28.8,50.5
319,2000,West Virginia,43785.0,23.1,3.0,25.3,48.5
320,2000,Wisconsin,67124.0,18.1,6.0,27.1,48.8
321,2000,Wyoming,58997.0,18.2,5.6,25.1,51.1
322,2001,Alabama,50895.0,17.4,6.5,23.4,52.8
323,2001,Alaska,83034.0,19.0,7.2,26.9,46.9
324,2001,All States and DC,,17.4,5.7,24.7,51.3
325,2001,Arizona,61815.0,15.5,6.0,25.4,53.0
326,2001,Arkansas,48259.0,20.1,5.4,23.6,50.8
327,2001,California,68413.0,12.1,5.1,25.9,56.9
328,2001,Colorado,71503.0,15.4,6.9,26.0,51.7
329,2001,Connecticut,77221.0,14.9,5.8,28.9,50.5
330,2001,Delaware,71800.0,19.0,6.0,25.4,49.5
331,2001,District of Columbia,59593.0,12.2,8.5,23.3,55.9
332,2001,Florida,52720.0,17.5,4.9,27.5,50.1
333,2001,Georgia,61630.0,17.5,6.1,21.2,55.1
334,2001,Guam,,26.5,4.7,11.8,57.0
335,2001,Hawaii,68669.0,16.5,4.0,24.0,55.5
336,2001,Idaho,55355.0,15.2,4.4,24.4,56.0
337,2001,Illinois,66833.0,17.4,6.3,23.7,52.5
338,2001,Indiana,58449.0,21.5,5.9,22.6,50.0
339,2001,Iowa,59314.0,17.0,5.1,24.6,53.2
340,2001,Kansas,59949.0,16.9,5.4,24.3,53.5
341,2001,Kentucky,55638.0,26.2,4.7,23.6,45.5
342,2001,Louisiana,48234.0,19.0,5.6,19.9,55.4
343,2001,Maine,52997.0,18.2,5.7,31.9,44.2
344,2001,Maryland,77486.0,15.3,5.8,24.7,54.2
345,2001,Massachusetts,75637.0,14.8,4.7,29.9,50.6
346,2001,Michigan,65206.0,19.7,5.9,25.7,48.7
347,2001,Minnesota,76257.0,16.9,5.3,28.3,49.5
348,2001,Mississippi,43659.0,19.6,5.7,21.1,53.6
349,2001,Missouri,59839.0,20.0,5.9,24.5,49.6
350,2001,Montana,46503.0,16.6,5.4,27.3,50.8
351,2001,Nebraska,63128.0,15.8,4.4,22.3,57.4
352,2001,Nevada,65722.0,20.8,6.1,26.2,46.9
353,2001,New Hampshire,74303.0,19.0,5.1,28.8,47.1
354,2001,New Jersey,74940.0,15.0,6.1,26.2,52.7
355,2001,New Mexico,47948.0,16.1,7.7,24.9,51.2
356,2001,New York,60961.0,16.6,6.6,23.8,53.0
357,2001,North Carolina,55240.0,21.3,4.5,23.8,50.4
358,2001,North Dakota,51811.0,15.6,6.5,24.8,53.1
359,2001,Ohio,60485.0,21.9,5.8,23.4,49.0
360,2001,Oklahoma,51545.0,23.1,5.6,21.8,49.5
361,2001,Oregon,59744.0,15.0,5.5,28.7,50.9
362,2001,Pennsylvania,62966.0,18.9,5.6,24.2,51.3
363,2001,Puerto Rico,,8.0,4.5,17.0,70.5
364,2001,Rhode Island,66185.0,17.6,6.3,28.9,47.3
365,2001,South Carolina,54624.0,19.3,6.7,21.3,52.6
366,2001,South Dakota,57425.0,16.6,5.8,25.2,52.5
367,2001,Tennessee,51797.0,19.7,4.7,19.1,56.6
368,2001,Texas,59146.0,15.5,6.9,20.7,56.9
369,2001,United States,61126.0,17.4,5.6,24.7,51.8
370,2001,Utah,68529.0,9.1,4.1,17.1,69.7
371,2001,Vermont,59050.0,16.9,5.5,30.0,47.6
372,2001,Virgin Islands,,6.9,2.7,12.6,77.8
373,2001,Virginia,72725.0,17.9,4.7,24.7,52.8
374,2001,Washington,61505.0,16.4,6.0,27.6,49.9
375,2001,West Virginia,42952.0,23.5,4.6,24.7,47.1
376,2001,Wisconsin,65639.0,18.2,5.4,28.7,47.8
377,2001,Wyoming,57494.0,17.3,4.9,26.0,51.9
378,2002,Alabama,53586.0,19.2,5.2,23.2,52.4
379,2002,Alaska,75206.0,21.9,7.4,25.6,45.0
380,2002,All States and DC,,17.8,5.0,24.7,52.0
381,2002,Arizona,56623.0,17.8,5.6,24.4,52.2
382,2002,Arkansas,46153.0,21.5,4.8,24.9,48.8
383,2002,California,67600.0,11.1,5.3,23.9,59.6
384,2002,Colorado,68822.0,15.6,4.7,25.6,54.0
385,2002,Connecticut,76080.0,14.4,5.0,30.4,50.2
386,2002,Delaware,70754.0,19.5,5.1,26.3,49.0
387,2002,District of Columbia,55677.0,13.4,7.0,20.4,59.2
388,2002,Florida,54186.0,17.8,4.2,25.1,52.9
389,2002,Georgia,61191.0,17.7,5.6,22.4,54.3
390,2002,Guam,,24.8,7.1,15.5,52.6
391,2002,Hawaii,67409.0,17.1,3.9,24.3,54.7
392,2002,Idaho,53746.0,16.3,4.3,24.2,55.2
393,2002,Illinois,60864.0,17.8,5.1,22.9,54.3
394,2002,Indiana,58494.0,23.0,4.7,23.3,49.1
395,2002,Iowa,58497.0,18.8,4.3,23.4,53.4
396,2002,Kansas,60734.0,17.6,4.5,24.3,53.6
397,2002,Kentucky,52388.0,29.1,3.5,22.0,45.5
398,2002,Louisiana,48463.0,19.0,4.9,19.2,57.0
399,2002,Maine,52518.0,19.6,4.0,33.4,43.1
400,2002,Maryland,80383.0,16.3,5.6,23.7,54.4
401,2002,Massachusetts,71046.0,14.4,4.5,29.1,52.0
402,2002,Michigan,60871.0,19.3,4.8,27.1,48.7
403,2002,Minnesota,77839.0,16.2,5.5,26.8,51.4
404,2002,Mississippi,44009.0,21.4,5.9,20.0,52.7
405,2002,Missouri,60958.0,22.0,4.5,25.5,48.0
406,2002,Montana,49642.0,15.7,5.5,26.1,52.7
407,2002,Nebraska,60987.0,17.8,4.9,22.9,54.4
408,2002,Nevada,64068.0,21.1,5.0,24.7,49.2
409,2002,New Hampshire,78836.0,18.6,4.6,30.2,46.6
410,2002,New Jersey,77762.0,14.0,5.0,26.0,55.0
411,2002,New Mexico,50528.0,15.0,6.2,26.0,52.8
412,2002,New York,59804.0,16.9,5.4,25.0,52.7
413,2002,North Carolina,52036.0,21.2,5.1,24.1,49.7
414,2002,North Dakota,51587.0,16.4,5.1,26.5,52.0
415,2002,Ohio,60827.0,21.4,5.2,24.7,48.7
416,2002,Oklahoma,51955.0,21.8,4.8,21.8,51.6
417,2002,Oregon,59570.0,17.3,5.1,28.1,49.4
418,2002,Pennsylvania,60562.0,19.5,5.1,25.7,49.7
419,2002,Puerto Rico,,8.8,4.4,16.9,69.8
420,2002,Rhode Island,60447.0,17.5,4.9,29.6,48.0
421,2002,South Carolina,53884.0,21.0,5.6,22.6,50.9
422,2002,South Dakota,53971.0,17.5,5.1,22.4,55.0
423,2002,Tennessee,52770.0,22.9,4.9,18.7,53.6
424,2002,Texas,57215.0,16.6,6.2,20.9,56.2
425,2002,United States,60435.0,17.8,5.0,24.4,52.3
426,2002,Utah,68205.0,9.9,2.8,17.1,70.1
427,2002,Vermont,61276.0,16.7,4.4,32.3,46.5
428,2002,Virgin Islands,,7.0,2.4,12.1,78.5
429,2002,Virginia,70727.0,19.4,5.3,22.4,53.0
430,2002,Washington,64388.0,16.4,5.0,28.5,50.1
431,2002,West Virginia,41838.0,23.8,4.7,24.2,47.4
432,2002,Wisconsin,65414.0,18.5,4.9,27.3,49.4
433,2002,Wyoming,56665.0,19.2,4.4,26.5,49.8
434,2003,Alabama,51912.0,19.7,5.7,23.9,50.8
435,2003,Alaska,72230.0,19.3,7.0,26.1,47.7
436,2003,All States and DC,,16.9,5.1,25.2,52.0
437,2003,Arizona,57361.0,15.4,5.5,26.2,53.0
438,2003,Arkansas,44592.0,20.5,4.2,25.4,49.8
439,2003,California,68695.0,11.3,5.5,25.2,58.0
440,2003,Colorado,69587.0,13.8,4.7,27.2,54.2
441,2003,Connecticut,76589.0,13.9,4.7,31.2,50.2
442,2003,Delaware,68304.0,16.9,5.0,28.1,50.0
443,2003,District of Columbia,62765.0,13.9,8.1,22.2,55.8
444,2003,Florida,54304.0,17.4,6.5,26.8,49.3
445,2003,Georgia,59134.0,16.5,6.2,21.7,55.6
446,2003,Guam,,26.3,7.8,14.3,51.7
447,2003,Hawaii,72226.0,14.1,3.2,24.1,58.6
448,2003,Idaho,59042.0,15.0,4.0,23.5,57.6
449,2003,Illinois,62917.0,17.1,6.3,24.4,52.2
450,2003,Indiana,59116.0,21.1,5.0,24.4,49.5
451,2003,Iowa,57665.0,16.2,5.4,24.5,53.8
452,2003,Kansas,61633.0,16.3,4.1,23.0,56.6
453,2003,Kentucky,51467.0,26.8,4.0,22.5,46.7
454,2003,Louisiana,46689.0,20.4,6.2,20.7,52.7
455,2003,Maine,51714.0,19.7,3.9,31.1,45.2
456,2003,Maryland,72895.0,15.2,4.9,23.7,56.2
457,2003,Massachusetts,71001.0,14.5,4.6,31.0,49.9
458,2003,Michigan,62734.0,20.7,5.4,25.8,48.1
459,2003,Minnesota,73604.0,15.9,5.2,28.3,50.6
460,2003,Mississippi,45604.0,19.7,5.8,20.7,53.8
461,2003,Missouri,60979.0,23.1,4.1,24.3,48.5
462,2003,Montana,47527.0,14.8,5.1,28.4,51.6
463,2003,Nebraska,61274.0,16.0,5.3,24.0,54.7
464,2003,Nevada,62960.0,20.3,4.9,25.2,49.7
465,2003,New Hampshire,77428.0,17.0,4.2,31.0,47.8
466,2003,New Jersey,78094.0,14.0,5.4,26.3,54.3
467,2003,New Mexico,48916.0,15.8,6.2,25.9,52.1
468,2003,New York,59621.0,16.5,5.1,25.4,53.0
469,2003,North Carolina,51945.0,18.8,6.0,23.2,52.0
470,2003,North Dakota,56308.0,16.1,4.4,25.6,53.9
471,2003,Ohio,60641.0,19.5,5.7,23.8,51.0
472,2003,Oklahoma,50026.0,20.3,4.8,22.1,52.7
473,2003,Oregon,58019.0,15.8,5.2,26.7,52.4
474,2003,Pennsylvania,59823.0,20.2,5.3,25.2,49.4
475,2003,Puerto Rico,,8.9,4.6,17.7,68.8
476,2003,Rhode Island,62301.0,17.2,5.1,29.1,48.5
477,2003,South Carolina,53617.0,19.6,5.9,23.0,51.5
478,2003,South Dakota,55070.0,16.4,6.3,25.3,52.0
479,2003,Tennessee,52285.0,21.1,4.5,18.9,55.4
480,2003,Texas,54721.0,15.6,6.5,21.6,56.3
481,2003,United States,60360.0,16.7,5.1,25.2,52.1
482,2003,Utah,68660.0,8.6,3.3,16.6,71.5
483,2003,Vermont,60280.0,15.4,4.2,30.4,50.1
484,2003,Virgin Islands,,7.9,2.0,13.6,76.4
485,2003,Virginia,76335.0,17.2,4.8,24.0,54.0
486,2003,Washington,66198.0,14.6,5.0,26.2,54.2
487,2003,West Virginia,45652.0,22.6,4.8,25.8,46.9
488,2003,Wisconsin,64472.0,17.3,4.7,27.3,50.7
489,2003,Wyoming,59297.0,19.8,4.8,26.2,49.1
490,2004,Alabama,49697.0,18.7,6.1,20.9,54.3
491,2004,Alaska,74707.0,16.4,8.5,24.0,51.2
492,2004,All States and DC,,15.8,5.4,24.1,54.6
493,2004,Arizona,59488.0,13.5,5.1,24.5,57.0
494,2004,Arkansas,47465.0,19.4,6.2,24.7,49.8
495,2004,California,66782.0,10.0,4.7,24.2,61.1
496,2004,Colorado,69040.0,13.8,6.2,24.4,55.6
497,2004,Connecticut,74757.0,13.2,4.9,30.0,51.9
498,2004,Delaware,65191.0,18.8,5.6,25.2,50.5
499,2004,District of Columbia,58952.0,12.5,8.4,19.2,59.9
500,2004,Florida,54996.0,14.6,5.7,25.8,53.9
501,2004,Georgia,55605.0,15.0,5.0,20.9,59.1
502,2004,Hawaii,76307.0,,,,
503,2004,Idaho,60183.0,13.4,4.1,23.4,59.2
504,2004,Illinois,62515.0,15.4,6.8,21.5,56.2
505,2004,Indiana,57430.0,19.5,5.3,22.6,52.5
506,2004,Iowa,58871.0,16.3,4.6,21.4,57.8
507,2004,Kansas,55717.0,15.3,4.5,21.7,58.5
508,2004,Kentucky,48314.0,23.0,4.5,20.4,52.1
509,2004,Louisiana,49425.0,16.9,6.6,20.0,56.5
510,2004,Maine,56073.0,17.0,3.9,31.3,47.8
511,2004,Maryland,77475.0,14.6,5.0,23.0,57.5
512,2004,Massachusetts,70577.0,13.7,4.8,26.9,54.6
513,2004,Michigan,57331.0,17.2,6.1,25.2,51.6
514,2004,Minnesota,76119.0,15.2,5.5,26.8,52.5
515,2004,Mississippi,47154.0,18.1,6.5,19.3,56.2
516,2004,Missouri,57170.0,18.5,5.6,24.2,51.7
517,2004,Montana,46070.0,15.8,4.6,25.1,54.5
518,2004,Nebraska,59407.0,14.9,5.4,21.2,58.6
519,2004,Nevada,64044.0,16.5,6.8,24.4,52.3
520,2004,New Hampshire,77084.0,16.5,5.1,28.5,49.8
521,2004,New Jersey,74995.0,13.0,5.8,24.4,56.8
522,2004,New Mexico,53676.0,13.2,7.1,24.1,55.6
523,2004,New York,60578.0,14.2,5.7,24.2,55.9
524,2004,North Carolina,54593.0,17.6,5.5,21.2,55.6
525,2004,North Dakota,53212.0,14.8,5.1,23.6,56.5
526,2004,Ohio,58415.0,20.8,5.0,22.1,52.0
527,2004,Oklahoma,53747.0,19.9,6.2,22.5,51.4
528,2004,Oregon,55619.0,14.3,5.8,24.7,55.3
529,2004,Pennsylvania,59841.0,17.5,5.3,23.9,53.4
530,2004,Puerto Rico,,8.2,4.4,15.2,72.2
531,2004,Rhode Island,65036.0,15.8,5.5,28.8,49.9
532,2004,South Carolina,52494.0,18.0,6.4,21.9,53.8
533,2004,South Dakota,55772.0,14.1,6.3,23.6,56.0
534,2004,Tennessee,51654.0,21.5,4.6,22.2,51.7
535,2004,Texas,56166.0,13.6,6.9,20.2,59.3
536,2004,United States,60150.0,15.6,5.4,24.0,55.0
537,2004,Utah,69020.0,7.8,2.7,15.8,73.8
538,2004,Vermont,64214.0,15.0,5.0,30.6,49.4
539,2004,Virgin Islands,,5.9,3.5,9.9,80.7
540,2004,Virginia,69386.0,15.9,5.0,23.3,55.8
541,2004,Washington,67732.0,14.0,5.3,25.3,55.5
542,2004,West Virginia,45279.0,21.8,5.1,25.1,48.0
543,2004,Wisconsin,62047.0,16.5,5.4,24.3,53.8
544,2004,Wyoming,61593.0,16.5,5.2,24.9,53.4
545,2005,Alabama,48752.0,18.8,6.0,20.9,54.3
546,2005,Alaska,73346.0,18.8,6.2,23.8,51.2
547,2005,All States and DC,,15.3,5.3,24.8,54.0
548,2005,Arizona,59375.0,13.7,6.6,25.5,54.3
549,2005,Arkansas,48106.0,18.1,5.4,24.9,51.6
550,2005,California,67918.0,9.8,5.3,23.3,61.5
551,2005,Colorado,66204.0,13.5,6.3,24.8,55.4
552,2005,Connecticut,74585.0,12.4,4.1,29.4,54.1
553,2005,Delaware,67236.0,15.5,5.2,27.2,52.1
554,2005,District of Columbia,59044.0,11.6,8.5,21.5,58.5
555,2005,Florida,56416.0,15.2,6.5,26.7,51.6
556,2005,Georgia,60269.0,16.4,5.8,21.9,56.0
557,2005,Hawaii,78195.0,12.1,4.9,26.2,56.8
558,2005,Idaho,57972.0,13.3,4.6,22.7,59.3
559,2005,Illinois,63513.0,14.2,5.7,24.0,56.1
560,2005,Indiana,55690.0,20.8,6.4,22.9,49.8
561,2005,Iowa,61022.0,16.1,4.3,24.8,54.8
562,2005,Kansas,55152.0,13.6,4.2,24.4,57.8
563,2005,Kentucky,48160.0,23.5,5.2,24.0,47.3
564,2005,Louisiana,48865.0,16.4,6.1,21.0,56.5
565,2005,Maine,57640.0,15.9,4.9,30.1,49.1
566,2005,Maryland,79410.0,13.4,5.5,22.9,58.3
567,2005,Massachusetts,73511.0,13.5,4.6,27.5,54.5
568,2005,Michigan,60278.0,16.7,5.4,26.0,52.0
569,2005,Minnesota,71147.0,14.9,5.1,28.7,51.2
570,2005,Mississippi,43142.0,18.6,5.1,20.9,55.5
571,2005,Missouri,56411.0,18.5,4.9,24.2,52.4
572,2005,Montana,48966.0,14.5,4.7,28.5,52.3
573,2005,Nebraska,62890.0,16.1,5.2,22.7,56.1
574,2005,Nevada,63265.0,16.6,6.5,24.0,52.9
575,2005,New Hampshire,74780.0,15.4,5.0,29.5,50.1
576,2005,New Jersey,83158.0,12.8,5.2,25.5,56.5
577,2005,New Mexico,51110.0,14.6,6.9,24.4,54.1
578,2005,New York,61909.0,14.6,5.9,25.6,54.0
579,2005,North Carolina,55190.0,17.1,5.5,23.6,53.8
580,2005,North Dakota,55369.0,15.0,5.2,25.5,54.4
581,2005,Ohio,58008.0,17.6,4.8,25.8,51.9
582,2005,Oklahoma,49402.0,19.0,6.0,24.0,50.9
583,2005,Oregon,57950.0,13.4,5.1,27.4,54.0
584,2005,Pennsylvania,60760.0,17.9,5.7,25.4,51.0
585,2005,Puerto Rico,,7.9,5.2,16.9,70.0
586,2005,Rhode Island,64938.0,15.3,4.4,28.8,51.4
587,2005,South Carolina,52794.0,17.0,5.5,24.4,53.1
588,2005,South Dakota,56627.0,13.8,6.0,25.4,54.8
589,2005,Tennessee,51713.0,20.4,6.3,22.0,51.3
590,2005,Texas,54358.0,13.2,6.8,21.0,59.0
591,2005,United States,60794.0,15.3,5.2,24.4,54.1
592,2005,Utah,71931.0,8.5,3.0,16.0,72.5
593,2005,Vermont,66539.0,14.4,4.9,30.8,50.0
594,2005,Virgin Islands,,5.3,2.8,12.8,79.1
595,2005,Virginia,68127.0,15.3,5.3,24.1,55.2
596,2005,Washington,66463.0,12.5,5.0,27.3,55.1
597,2005,West Virginia,47827.0,21.3,5.4,24.3,49.0
598,2005,Wisconsin,58594.0,15.9,4.9,26.1,53.2
599,2005,Wyoming,58684.0,16.3,5.1,26.7,51.9
600,2006,Alabama,48241.0,17.6,5.5,23.4,53.5
601,2006,Alaska,71713.0,16.2,7.7,27.6,48.5
602,2006,All States and DC,,14.9,5.1,24.7,54.3
603,2006,Arizona,59306.0,12.1,6.1,24.9,56.9
604,2006,Arkansas,47103.0,18.8,4.8,25.1,51.2
605,2006,California,70316.0,9.4,5.5,24.2,60.8
606,2006,Colorado,70796.0,12.3,5.6,24.5,57.6
607,2006,Connecticut,79322.0,11.9,5.1,28.2,54.8
608,2006,Delaware,66654.0,16.7,5.1,27.3,50.9
609,2006,District of Columbia,61619.0,10.6,7.3,22.1,60.0
610,2006,Florida,58059.0,16.0,5.1,26.1,52.9
611,2006,Georgia,62721.0,14.1,5.8,21.2,58.8
612,2006,Hawaii,76863.0,13.0,4.6,25.1,57.3
613,2006,Idaho,58741.0,12.9,3.9,23.0,60.2
614,2006,Illinois,61866.0,14.1,6.4,23.7,55.8
615,2006,Indiana,57717.0,18.6,5.5,23.3,52.7
616,2006,Iowa,61173.0,17.1,4.3,23.7,54.8
617,2006,Kansas,57901.0,15.2,4.8,24.1,55.9
618,2006,Kentucky,50189.0,24.3,4.3,24.3,47.2
619,2006,Louisiana,46380.0,17.7,5.7,20.1,56.4
620,2006,Maine,58016.0,15.9,5.0,30.4,48.7
621,2006,Maryland,80928.0,13.0,4.7,22.6,59.7
622,2006,Massachusetts,70330.0,13.0,4.7,27.7,54.5
623,2006,Michigan,61835.0,16.5,5.8,25.4,52.2
624,2006,Minnesota,71450.0,13.8,4.5,27.6,54.1
625,2006,Mississippi,44149.0,17.9,7.2,21.1,53.8
626,2006,Missouri,56664.0,18.6,4.6,26.8,50.0
627,2006,Montana,52249.0,13.3,5.6,26.8,54.3
628,2006,Nebraska,61197.0,13.8,4.8,23.8,57.5
629,2006,Nevada,66456.0,15.6,6.5,25.6,52.3
630,2006,New Hampshire,78770.0,14.3,4.4,29.7,51.6
631,2006,New Jersey,86510.0,12.3,5.7,24.1,57.9
632,2006,New Mexico,50880.0,13.8,6.4,24.7,55.1
633,2006,New York,61295.0,13.4,4.9,24.5,57.3
634,2006,North Carolina,50586.0,17.0,5.1,24.1,53.9
635,2006,North Dakota,52175.0,15.6,3.9,24.1,56.4
636,2006,Ohio,58344.0,16.8,5.6,24.3,53.3
637,2006,Oklahoma,49367.0,18.9,6.2,23.7,51.2
638,2006,Oregon,59857.0,13.6,4.8,25.7,55.8
639,2006,Pennsylvania,61619.0,16.6,4.9,25.5,53.0
640,2006,Puerto Rico,,7.7,4.8,16.8,70.7
641,2006,Rhode Island,68304.0,14.9,4.3,28.8,52.0
642,2006,South Carolina,50357.0,16.5,5.8,24.5,53.3
643,2006,South Dakota,57742.0,14.7,5.6,24.8,54.8
644,2006,Tennessee,51725.0,18.4,4.1,23.5,53.9
645,2006,Texas,55048.0,12.6,5.3,21.7,60.4
646,2006,United States,61268.0,14.7,5.1,24.5,54.5
647,2006,Utah,69438.0,7.1,2.7,16.6,73.6
648,2006,Vermont,66073.0,14.0,4.0,30.9,51.1
649,2006,Virgin Islands,,5.8,3.1,13.1,78.0
650,2006,Virginia,72604.0,14.7,4.6,25.2,55.5
651,2006,Washington,69558.0,12.3,4.7,26.4,56.6
652,2006,West Virginia,48834.0,21.3,4.5,24.7,49.6
653,2006,Wisconsin,65706.0,15.2,5.6,26.0,53.2
654,2006,Wyoming,59794.0,16.4,5.2,24.9,53.5
655,2007,Alabama,52176.0,16.5,6.0,23.2,54.3
656,2007,Alaska,77862.0,15.6,6.7,27.1,50.7
657,2007,All States and DC,,14.5,5.2,24.6,54.8
658,2007,Arizona,58360.0,13.6,6.1,24.0,56.2
659,2007,Arkansas,50425.0,17.3,5.1,23.7,53.9
660,2007,California,68890.0,8.8,5.5,22.9,62.8
661,2007,Colorado,75573.0,13.4,5.3,24.6,56.7
662,2007,Connecticut,79281.0,11.3,4.1,30.5,54.1
663,2007,Delaware,67475.0,15.1,3.8,26.1,54.9
664,2007,District of Columbia,62770.0,11.1,6.1,22.4,60.4
665,2007,Florida,56604.0,14.3,5.0,26.2,54.5
666,2007,Georgia,60123.0,14.7,4.7,22.7,57.9
667,2007,Guam,,23.3,7.6,14.1,54.9
668,2007,Hawaii,79134.0,12.9,4.1,26.0,57.0
669,2007,Idaho,60794.0,14.5,4.6,22.6,58.3
670,2007,Illinois,64900.0,13.7,6.4,23.5,56.4
671,2007,Indiana,58654.0,18.2,5.9,22.8,53.0
672,2007,Iowa,60453.0,14.5,5.3,23.5,56.7
673,2007,Kansas,59945.0,13.7,4.2,23.3,58.8
674,2007,Kentucky,48765.0,23.5,4.7,23.9,47.9
675,2007,Louisiana,51065.0,16.9,5.7,20.2,57.1
676,2007,Maine,59199.0,16.2,4.0,30.8,49.1
677,2007,Maryland,81122.0,11.5,5.6,23.7,59.3
678,2007,Massachusetts,72263.0,12.0,4.4,28.5,55.1
679,2007,Michigan,61024.0,15.8,5.4,24.8,54.1
680,2007,Minnesota,71762.0,12.4,4.1,27.6,55.9
681,2007,Mississippi,46079.0,18.5,5.4,21.2,54.8
682,2007,Missouri,56864.0,19.8,4.7,23.4,52.1
683,2007,Montana,53960.0,14.8,4.6,26.6,53.9
684,2007,Nebraska,60781.0,14.5,5.5,23.8,56.2
685,2007,Nevada,66818.0,16.1,5.3,25.4,53.1
686,2007,New Hampshire,83527.0,15.1,4.2,30.3,50.4
687,2007,New Jersey,74791.0,12.0,5.1,24.7,58.2
688,2007,New Mexico,54826.0,13.1,7.6,24.8,54.4
689,2007,New York,60497.0,12.8,6.1,25.5,55.6
690,2007,North Carolina,53784.0,17.6,5.3,24.8,52.3
691,2007,North Dakota,58348.0,15.1,5.9,25.3,53.8
692,2007,Ohio,60689.0,17.7,5.4,24.8,52.1
693,2007,Oklahoma,53417.0,20.0,5.8,23.2,51.0
694,2007,Oregon,62094.0,13.1,3.8,28.2,54.9
695,2007,Pennsylvania,59870.0,15.1,5.8,23.9,55.1
696,2007,Puerto Rico,,7.5,4.7,19.2,68.6
697,2007,Rhode Island,67006.0,11.8,5.2,28.4,54.6
698,2007,South Carolina,54649.0,16.2,5.7,25.0,53.1
699,2007,South Dakota,57375.0,14.2,5.6,24.3,55.9
700,2007,Tennessee,50919.0,20.0,4.3,24.0,51.8
701,2007,Texas,56924.0,13.0,6.4,20.7,60.0
702,2007,United States,62090.0,14.5,5.2,24.4,54.9
703,2007,Utah,66164.0,8.3,3.4,15.8,72.5
704,2007,Vermont,58576.0,13.8,3.8,30.7,51.7
705,2007,Virgin Islands,,5.6,3.0,11.9,79.5
706,2007,Virginia,73126.0,14.1,4.4,23.5,58.0
707,2007,Washington,71790.0,12.2,4.6,26.2,57.0
708,2007,West Virginia,52026.0,21.7,5.2,24.5,48.6
709,2007,Wisconsin,63381.0,14.6,5.0,25.9,54.5
710,2007,Wyoming,60250.0,17.5,4.6,24.8,53.1
711,2008,Alabama,52941.0,17.3,4.9,21.9,56.0
712,2008,Alaska,76168.0,15.1,6.4,28.4,50.0
713,2008,All States and DC,,13.4,4.9,25.2,55.4
714,2008,Arizona,55843.0,10.7,5.2,27.4,56.7
715,2008,Arkansas,47120.0,17.0,5.4,26.3,51.4
716,2008,California,67865.0,8.9,5.1,23.3,62.7
717,2008,Colorado,72542.0,12.3,5.4,24.9,57.5
718,2008,Connecticut,76993.0,11.6,4.3,30.1,54.0
719,2008,Delaware,60352.0,13.4,4.4,28.5,53.7
720,2008,District of Columbia,66170.0,9.3,7.0,22.5,61.2
721,2008,Florida,53394.0,12.8,4.7,26.1,56.4
722,2008,Georgia,55025.0,14.5,5.0,21.4,59.1
723,2008,Guam,,21.2,6.2,19.4,53.2
724,2008,Hawaii,73230.0,11.8,3.7,25.4,59.2
725,2008,Idaho,56445.0,12.5,4.4,21.9,61.2
726,2008,Illinois,63390.0,15.1,6.2,23.4,55.3
727,2008,Indiana,55374.0,19.7,6.3,23.0,51.0
728,2008,Iowa,59685.0,14.1,4.6,24.7,56.6
729,2008,Kansas,56989.0,13.2,4.7,23.2,59.0
730,2008,Kentucky,48980.0,20.5,4.7,25.3,49.5
731,2008,Louisiana,47093.0,16.0,4.5,19.9,59.7
732,2008,Maine,56217.0,14.0,4.1,31.7,50.1
733,2008,Maryland,75837.0,10.6,4.3,24.2,60.9
734,2008,Massachusetts,71800.0,11.7,4.4,28.1,55.8
735,2008,Michigan,59264.0,15.0,5.5,25.5,54.1
736,2008,Minnesota,65379.0,12.1,5.5,27.1,55.4
737,2008,Mississippi,43383.0,17.2,5.5,22.2,55.1
738,2008,Missouri,54800.0,20.2,4.8,25.0,50.1
739,2008,Montana,51065.0,13.8,4.7,26.8,54.7
740,2008,Nebraska,60383.0,13.4,4.9,25.0,56.6
741,2008,Nevada,65163.0,16.4,5.8,25.1,52.7
742,2008,New Hampshire,78771.0,12.8,4.2,31.1,51.9
743,2008,New Jersey,77735.0,10.7,4.1,24.3,60.9
744,2008,New Mexico,50115.0,12.8,6.6,24.9,55.7
745,2008,New York,60065.0,11.8,5.0,25.4,57.8
746,2008,North Carolina,51101.0,15.5,5.4,24.8,54.3
747,2008,North Dakota,59077.0,13.3,4.8,25.4,56.5
748,2008,Ohio,55867.0,15.5,4.6,25.4,54.4
749,2008,Oklahoma,54887.0,18.5,6.2,24.7,50.6
750,2008,Oregon,61572.0,11.8,4.5,24.7,59.0
751,2008,Pennsylvania,61185.0,15.6,5.7,25.3,53.3
752,2008,Puerto Rico,,7.5,4.1,18.3,70.1
753,2008,Rhode Island,63374.0,13.4,4.0,28.1,54.5
754,2008,South Carolina,50178.0,14.4,5.6,25.2,54.7
755,2008,South Dakota,61421.0,12.0,5.6,26.1,56.4
756,2008,Tennessee,47258.0,18.0,5.1,21.8,55.0
757,2008,Texas,55338.0,11.7,6.8,21.5,60.0
758,2008,United States,59877.0,13.4,4.9,25.1,55.5
759,2008,Utah,74439.0,6.8,2.5,16.1,74.5
760,2008,Vermont,60357.0,12.2,4.6,32.2,51.1
761,2008,Virgin Islands,,4.1,2.3,11.5,82.1
762,2008,Virginia,73782.0,12.4,4.1,24.0,59.5
763,2008,Washington,67409.0,11.7,4.0,26.7,57.6
764,2008,West Virginia,45225.0,21.5,5.1,25.4,48.1
765,2008,Wisconsin,60945.0,14.1,5.7,26.7,53.5
766,2008,Wyoming,63488.0,14.9,4.5,25.4,55.2
767,2009,Alabama,47755.0,16.5,6.0,22.8,54.6
768,2009,Alaska,73585.0,14.7,5.9,28.1,51.3
769,2009,All States and DC,,12.8,5.0,25.5,55.3
770,2009,Arizona,54634.0,11.0,5.1,26.0,57.8
771,2009,Arkansas,43644.0,15.5,5.9,28.1,50.4
772,2009,California,67051.0,8.1,4.7,23.2,63.9
773,2009,Colorado,66807.0,12.1,5.0,25.5,57.4
774,2009,Connecticut,77463.0,10.7,4.7,28.2,56.3
775,2009,Delaware,62249.0,13.3,5.0,28.4,53.4
776,2009,District of Columbia,63476.0,9.1,6.2,24.2,60.6
777,2009,Florida,54505.0,12.8,4.3,27.6,55.3
778,2009,Georgia,51769.0,12.6,5.1,22.0,60.3
779,2009,Guam,,18.9,5.2,11.1,64.8
780,2009,Hawaii,66472.0,10.4,5.0,26.9,57.7
781,2009,Idaho,55875.0,12.3,4.0,22.1,61.6
782,2009,Illinois,63152.0,12.0,6.6,23.1,58.3
783,2009,Indiana,52921.0,17.1,6.0,23.7,53.2
784,2009,Iowa,60585.0,13.4,3.8,24.2,58.7
785,2009,Kansas,53414.0,13.2,4.6,23.3,58.8
786,2009,Kentucky,50961.0,20.6,5.0,25.3,49.1
787,2009,Louisiana,54269.0,16.4,5.7,23.2,54.7
788,2009,Maine,56740.0,12.5,4.7,31.1,51.6
789,2009,Maryland,76669.0,10.4,4.8,23.4,61.5
790,2009,Massachusetts,70920.0,10.9,4.0,28.5,56.6
791,2009,Michigan,54939.0,13.7,5.9,25.5,54.9
792,2009,Minnesota,66998.0,11.3,5.5,26.4,56.8
793,2009,Mississippi,41900.0,17.1,6.3,22.1,54.6
794,2009,Missouri,58254.0,18.3,4.8,24.8,52.1
795,2009,Montana,48301.0,12.2,4.6,26.4,56.8
796,2009,Nebraska,59240.0,12.9,3.8,24.6,58.7
797,2009,Nevada,61437.0,15.8,6.3,26.5,51.4
798,2009,New Hampshire,76603.0,11.3,4.5,29.4,54.9
799,2009,New Jersey,77375.0,10.0,5.8,25.4,58.8
800,2009,New Mexico,52010.0,11.2,6.7,25.8,56.2
801,2009,New York,59982.0,12.1,5.9,26.3,55.7
802,2009,North Carolina,50056.0,14.4,5.9,26.2,53.5
803,2009,North Dakota,59814.0,13.4,5.2,24.0,57.4
804,2009,Ohio,54802.0,15.6,4.7,25.8,53.8
805,2009,Oklahoma,54800.0,18.8,6.7,24.5,50.0
806,2009,Oregon,58647.0,13.1,4.7,27.6,54.5
807,2009,Pennsylvania,57540.0,15.1,5.1,26.0,53.7
808,2009,Puerto Rico,,6.9,3.7,18.0,71.5
809,2009,Rhode Island,61676.0,10.2,4.9,29.6,55.4
810,2009,South Carolina,49094.0,14.6,5.7,24.5,55.2
811,2009,South Dakota,54738.0,12.5,5.0,27.2,55.3
812,2009,Tennessee,48397.0,17.6,4.4,24.7,53.3
813,2009,Texas,56708.0,11.7,6.2,21.6,60.5
814,2009,United States,59458.0,12.7,5.0,25.5,55.5
815,2009,Utah,69866.0,6.9,2.9,15.1,75.1
816,2009,Vermont,62493.0,12.5,4.6,31.6,51.3
817,2009,Virgin Islands,,3.9,2.6,11.1,82.5
818,2009,Virginia,72267.0,13.8,5.2,24.4,56.5
819,2009,Washington,72137.0,10.7,4.2,26.7,58.4
820,2009,West Virginia,48364.0,20.7,4.9,24.5,49.9
821,2009,Wisconsin,61202.0,12.6,6.1,26.9,54.3
822,2009,Wyoming,62674.0,15.3,4.6,26.1,54.0
823,2010,Alabama,48100.0,15.6,6.3,23.9,54.2
824,2010,Alaska,67977.0,13.5,6.8,26.1,53.6
825,2010,All States and DC,,12.4,4.8,25.1,56.6
826,2010,Arizona,55107.0,10.7,4.4,27.9,57.1
827,2010,Arkansas,45343.0,17.3,5.6,24.1,53.0
828,2010,California,63788.0,7.5,4.6,23.1,64.8
829,2010,Colorado,70779.0,11.4,4.6,24.7,59.3
830,2010,Connecticut,77554.0,9.2,4.0,29.2,57.6
831,2010,Delaware,64882.0,12.8,4.5,26.8,56.0
832,2010,District of Columbia,66896.0,10.0,5.7,23.4,61.0
833,2010,Florida,51782.0,12.0,5.2,29.8,53.0
834,2010,Georgia,51842.0,12.8,4.8,23.1,59.3
835,2010,Guam,,19.7,6.1,16.6,57.6
836,2010,Hawaii,69964.0,10.7,3.8,25.3,60.2
837,2010,Idaho,55288.0,11.3,4.4,22.9,61.5
838,2010,Illinois,59610.0,11.5,5.4,23.6,59.5
839,2010,Indiana,54218.0,16.3,5.0,25.1,53.7
840,2010,Iowa,57598.0,12.1,4.1,23.4,60.4
841,2010,Kansas,54118.0,11.9,5.1,24.2,58.8
842,2010,Kentucky,48301.0,19.3,5.5,26.0,49.2
843,2010,Louisiana,46181.0,15.9,6.2,22.0,56.0
844,2010,Maine,56323.0,13.9,4.3,30.2,51.6
845,2010,Maryland,75442.0,10.5,4.7,23.9,60.9
846,2010,Massachusetts,71603.0,10.2,3.9,29.3,56.6
847,2010,Michigan,54379.0,13.5,5.4,25.3,55.7
848,2010,Minnesota,61482.0,11.3,3.6,25.9,59.2
849,2010,Mississippi,44842.0,17.1,5.8,22.0,55.0
850,2010,Missouri,53839.0,16.6,4.4,26.1,52.8
851,2010,Montana,48508.0,13.5,5.3,27.2,54.0
852,2010,Nebraska,61697.0,12.5,4.7,25.2,57.6
853,2010,Nevada,60165.0,16.5,4.9,25.8,52.8
854,2010,New Hampshire,78300.0,12.4,4.5,30.7,52.4
855,2010,New Jersey,73993.0,10.2,4.2,26.1,59.4
856,2010,New Mexico,53037.0,11.4,7.1,24.7,56.9
857,2010,New York,58497.0,10.5,5.0,26.8,57.8
858,2010,North Carolina,51504.0,14.3,5.4,24.5,55.8
859,2010,North Dakota,59937.0,12.2,5.1,24.1,58.6
860,2010,Ohio,53920.0,17.1,5.4,24.6,52.9
